Time 0
Waiting clients: (18,6,3); (19,3,3); (13,1,4); (21,2,4); (29,1,5); (46,6,5); (9,1,9); (15,4,9); (22,3,9); (36,4,9); (34,3,10); (40,4,11); (45,3,12); (31,4,13); (42,1,13); (23,2,14); (32,1,14); (35,5,15); (24,4,16); (25,1,17); (12,6,18); (7,5,19); (16,3,19); (47,3,19); (28,2,21); (30,4,21); (49,4,22); (6,5,23); (41,4,23); (39,4,24); (43,5,24); (27,3,25); (48,4,25); (33,1,28); (14,6,29); (4,1,30); (2,5,32); (37,1,32); (3,2,33); (11,1,33); (10,5,34); (20,2,34); (50,6,34); (8,1,35); (26,1,35); (1,5,36); (5,5,38); (38,4,39); (17,4,40); (44,6,40);
Queue 1: closed
Queue 2: closed
Queue 3: closed
Queue 4: closed
Queue 5: closed
Time 1
Waiting clients: (18,6,3); (19,3,3); (13,1,4); (21,2,4); (29,1,5); (46,6,5); (9,1,9); (15,4,9); (22,3,9); (36,4,9); (34,3,10); (40,4,11); (45,3,12); (31,4,13); (42,1,13); (23,2,14); (32,1,14); (35,5,15); (24,4,16); (25,1,17); (12,6,18); (7,5,19); (16,3,19); (47,3,19); (28,2,21); (30,4,21); (49,4,22); (6,5,23); (41,4,23); (39,4,24); (43,5,24); (27,3,25); (48,4,25); (33,1,28); (14,6,29); (4,1,30); (2,5,32); (37,1,32); (3,2,33); (11,1,33); (10,5,34); (20,2,34); (50,6,34); (8,1,35); (26,1,35); (1,5,36); (5,5,38); (38,4,39); (17,4,40); (44,6,40);
Queue 1: closed
Queue 2: closed
Queue 3: closed
Queue 4: closed
Queue 5: closed
Time 2
Waiting clients: (18,6,3); (19,3,3); (13,1,4); (21,2,4); (29,1,5); (46,6,5); (9,1,9); (15,4,9); (22,3,9); (36,4,9); (34,3,10); (40,4,11); (45,3,12); (31,4,13); (42,1,13); (23,2,14); (32,1,14); (35,5,15); (24,4,16); (25,1,17); (12,6,18); (7,5,19); (16,3,19); (47,3,19); (28,2,21); (30,4,21); (49,4,22); (6,5,23); (41,4,23); (39,4,24); (43,5,24); (27,3,25); (48,4,25); (33,1,28); (14,6,29); (4,1,30); (2,5,32); (37,1,32); (3,2,33); (11,1,33); (10,5,34); (20,2,34); (50,6,34); (8,1,35); (26,1,35); (1,5,36); (5,5,38); (38,4,39); (17,4,40); (44,6,40);
Queue 1: closed
Queue 2: closed
Queue 3: closed
Queue 4: closed
Queue 5: closed
Time 3
Waiting clients: (13,1,4); (21,2,4); (29,1,5); (46,6,5); (9,1,9); (15,4,9); (22,3,9); (36,4,9); (34,3,10); (40,4,11); (45,3,12); (31,4,13); (42,1,13); (23,2,14); (32,1,14); (35,5,15); (24,4,16); (25,1,17); (12,6,18); (7,5,19); (16,3,19); (47,3,19); (28,2,21); (30,4,21); (49,4,22); (6,5,23); (41,4,23); (39,4,24); (43,5,24); (27,3,25); (48,4,25); (33,1,28); (14,6,29); (4,1,30); (2,5,32); (37,1,32); (3,2,33); (11,1,33); (10,5,34); (20,2,34); (50,6,34); (8,1,35); (26,1,35); (1,5,36); (5,5,38); (38,4,39); (17,4,40); (44,6,40);
Queue 1: closed
Queue 2: closed
Queue 3: closed
Queue 4: (19,3,3);
Queue 5: (18,6,3);
Time 4
Waiting clients: (29,1,5); (46,6,5); (9,1,9); (15,4,9); (22,3,9); (36,4,9); (34,3,10); (40,4,11); (45,3,12); (31,4,13); (42,1,13); (23,2,14); (32,1,14); (35,5,15); (24,4,16); (25,1,17); (12,6,18); (7,5,19); (16,3,19); (47,3,19); (28,2,21); (30,4,21); (49,4,22); (6,5,23); (41,4,23); (39,4,24); (43,5,24); (27,3,25); (48,4,25); (33,1,28); (14,6,29); (4,1,30); (2,5,32); (37,1,32); (3,2,33); (11,1,33); (10,5,34); (20,2,34); (50,6,34); (8,1,35); (26,1,35); (1,5,36); (5,5,38); (38,4,39); (17,4,40); (44,6,40);
Queue 1: closed
Queue 2: (21,2,4);
Queue 3: (13,1,4);
Queue 4: (19,2,3);
Queue 5: (18,5,3);
Time 5
Waiting clients: (9,1,9); (15,4,9); (22,3,9); (36,4,9); (34,3,10); (40,4,11); (45,3,12); (31,4,13); (42,1,13); (23,2,14); (32,1,14); (35,5,15); (24,4,16); (25,1,17); (12,6,18); (7,5,19); (16,3,19); (47,3,19); (28,2,21); (30,4,21); (49,4,22); (6,5,23); (41,4,23); (39,4,24); (43,5,24); (27,3,25); (48,4,25); (33,1,28); (14,6,29); (4,1,30); (2,5,32); (37,1,32); (3,2,33); (11,1,33); (10,5,34); (20,2,34); (50,6,34); (8,1,35); (26,1,35); (1,5,36); (5,5,38); (38,4,39); (17,4,40); (44,6,40);
Queue 1: (46,6,5);
Queue 2: (21,1,4);
Queue 3: (29,1,5);
Queue 4: (19,1,3);
Queue 5: (18,4,3);
Time 6
Waiting clients: (9,1,9); (15,4,9); (22,3,9); (36,4,9); (34,3,10); (40,4,11); (45,3,12); (31,4,13); (42,1,13); (23,2,14); (32,1,14); (35,5,15); (24,4,16); (25,1,17); (12,6,18); (7,5,19); (16,3,19); (47,3,19); (28,2,21); (30,4,21); (49,4,22); (6,5,23); (41,4,23); (39,4,24); (43,5,24); (27,3,25); (48,4,25); (33,1,28); (14,6,29); (4,1,30); (2,5,32); (37,1,32); (3,2,33); (11,1,33); (10,5,34); (20,2,34); (50,6,34); (8,1,35); (26,1,35); (1,5,36); (5,5,38); (38,4,39); (17,4,40); (44,6,40);
Queue 1: (46,5,5);
Queue 2: closed
Queue 3: closed
Queue 4: closed
Queue 5: (18,3,3);
Time 7
Waiting clients: (9,1,9); (15,4,9); (22,3,9); (36,4,9); (34,3,10); (40,4,11); (45,3,12); (31,4,13); (42,1,13); (23,2,14); (32,1,14); (35,5,15); (24,4,16); (25,1,17); (12,6,18); (7,5,19); (16,3,19); (47,3,19); (28,2,21); (30,4,21); (49,4,22); (6,5,23); (41,4,23); (39,4,24); (43,5,24); (27,3,25); (48,4,25); (33,1,28); (14,6,29); (4,1,30); (2,5,32); (37,1,32); (3,2,33); (11,1,33); (10,5,34); (20,2,34); (50,6,34); (8,1,35); (26,1,35); (1,5,36); (5,5,38); (38,4,39); (17,4,40); (44,6,40);
Queue 1: (46,4,5);
Queue 2: closed
Queue 3: closed
Queue 4: closed
Queue 5: (18,2,3);
Time 8
Waiting clients: (9,1,9); (15,4,9); (22,3,9); (36,4,9); (34,3,10); (40,4,11); (45,3,12); (31,4,13); (42,1,13); (23,2,14); (32,1,14); (35,5,15); (24,4,16); (25,1,17); (12,6,18); (7,5,19); (16,3,19); (47,3,19); (28,2,21); (30,4,21); (49,4,22); (6,5,23); (41,4,23); (39,4,24); (43,5,24); (27,3,25); (48,4,25); (33,1,28); (14,6,29); (4,1,30); (2,5,32); (37,1,32); (3,2,33); (11,1,33); (10,5,34); (20,2,34); (50,6,34); (8,1,35); (26,1,35); (1,5,36); (5,5,38); (38,4,39); (17,4,40); (44,6,40);
Queue 1: (46,3,5);
Queue 2: closed
Queue 3: closed
Queue 4: closed
Queue 5: (18,1,3);
Time 9
Waiting clients: (34,3,10); (40,4,11); (45,3,12); (31,4,13); (42,1,13); (23,2,14); (32,1,14); (35,5,15); (24,4,16); (25,1,17); (12,6,18); (7,5,19); (16,3,19); (47,3,19); (28,2,21); (30,4,21); (49,4,22); (6,5,23); (41,4,23); (39,4,24); (43,5,24); (27,3,25); (48,4,25); (33,1,28); (14,6,29); (4,1,30); (2,5,32); (37,1,32); (3,2,33); (11,1,33); (10,5,34); (20,2,34); (50,6,34); (8,1,35); (26,1,35); (1,5,36); (5,5,38); (38,4,39); (17,4,40); (44,6,40);
Queue 1: (46,2,5);
Queue 2: (22,3,9);
Queue 3: (9,1,9); (15,4,9);
Queue 4: (36,4,9);
Queue 5: closed
Time 10
Waiting clients: (40,4,11); (45,3,12); (31,4,13); (42,1,13); (23,2,14); (32,1,14); (35,5,15); (24,4,16); (25,1,17); (12,6,18); (7,5,19); (16,3,19); (47,3,19); (28,2,21); (30,4,21); (49,4,22); (6,5,23); (41,4,23); (39,4,24); (43,5,24); (27,3,25); (48,4,25); (33,1,28); (14,6,29); (4,1,30); (2,5,32); (37,1,32); (3,2,33); (11,1,33); (10,5,34); (20,2,34); (50,6,34); (8,1,35); (26,1,35); (1,5,36); (5,5,38); (38,4,39); (17,4,40); (44,6,40);
Queue 1: (46,1,5);
Queue 2: (22,2,9);
Queue 3: (15,4,9); (34,3,10);
Queue 4: (36,3,9);
Queue 5: closed
Time 11
Waiting clients: (45,3,12); (31,4,13); (42,1,13); (23,2,14); (32,1,14); (35,5,15); (24,4,16); (25,1,17); (12,6,18); (7,5,19); (16,3,19); (47,3,19); (28,2,21); (30,4,21); (49,4,22); (6,5,23); (41,4,23); (39,4,24); (43,5,24); (27,3,25); (48,4,25); (33,1,28); (14,6,29); (4,1,30); (2,5,32); (37,1,32); (3,2,33); (11,1,33); (10,5,34); (20,2,34); (50,6,34); (8,1,35); (26,1,35); (1,5,36); (5,5,38); (38,4,39); (17,4,40); (44,6,40);
Queue 1: closed
Queue 2: (22,1,9); (40,4,11);
Queue 3: (15,3,9); (34,3,10);
Queue 4: (36,2,9);
Queue 5: closed
Time 12
Waiting clients: (31,4,13); (42,1,13); (23,2,14); (32,1,14); (35,5,15); (24,4,16); (25,1,17); (12,6,18); (7,5,19); (16,3,19); (47,3,19); (28,2,21); (30,4,21); (49,4,22); (6,5,23); (41,4,23); (39,4,24); (43,5,24); (27,3,25); (48,4,25); (33,1,28); (14,6,29); (4,1,30); (2,5,32); (37,1,32); (3,2,33); (11,1,33); (10,5,34); (20,2,34); (50,6,34); (8,1,35); (26,1,35); (1,5,36); (5,5,38); (38,4,39); (17,4,40); (44,6,40);
Queue 1: closed
Queue 2: (40,4,11);
Queue 3: (15,2,9); (34,3,10);
Queue 4: (36,1,9);
Queue 5: (45,3,12);
Time 13
Waiting clients: (23,2,14); (32,1,14); (35,5,15); (24,4,16); (25,1,17); (12,6,18); (7,5,19); (16,3,19); (47,3,19); (28,2,21); (30,4,21); (49,4,22); (6,5,23); (41,4,23); (39,4,24); (43,5,24); (27,3,25); (48,4,25); (33,1,28); (14,6,29); (4,1,30); (2,5,32); (37,1,32); (3,2,33); (11,1,33); (10,5,34); (20,2,34); (50,6,34); (8,1,35); (26,1,35); (1,5,36); (5,5,38); (38,4,39); (17,4,40); (44,6,40);
Queue 1: (42,1,13);
Queue 2: (40,3,11);
Queue 3: (15,1,9); (34,3,10);
Queue 4: (31,4,13);
Queue 5: (45,2,12);
Time 14
Waiting clients: (35,5,15); (24,4,16); (25,1,17); (12,6,18); (7,5,19); (16,3,19); (47,3,19); (28,2,21); (30,4,21); (49,4,22); (6,5,23); (41,4,23); (39,4,24); (43,5,24); (27,3,25); (48,4,25); (33,1,28); (14,6,29); (4,1,30); (2,5,32); (37,1,32); (3,2,33); (11,1,33); (10,5,34); (20,2,34); (50,6,34); (8,1,35); (26,1,35); (1,5,36); (5,5,38); (38,4,39); (17,4,40); (44,6,40);
Queue 1: (23,2,14);
Queue 2: (40,2,11);
Queue 3: (34,3,10); (32,1,14);
Queue 4: (31,3,13);
Queue 5: (45,1,12);
Time 15
Waiting clients: (24,4,16); (25,1,17); (12,6,18); (7,5,19); (16,3,19); (47,3,19); (28,2,21); (30,4,21); (49,4,22); (6,5,23); (41,4,23); (39,4,24); (43,5,24); (27,3,25); (48,4,25); (33,1,28); (14,6,29); (4,1,30); (2,5,32); (37,1,32); (3,2,33); (11,1,33); (10,5,34); (20,2,34); (50,6,34); (8,1,35); (26,1,35); (1,5,36); (5,5,38); (38,4,39); (17,4,40); (44,6,40);
Queue 1: (23,1,14);
Queue 2: (40,1,11);
Queue 3: (34,2,10); (32,1,14);
Queue 4: (31,2,13);
Queue 5: (35,5,15);
Time 16
Waiting clients: (25,1,17); (12,6,18); (7,5,19); (16,3,19); (47,3,19); (28,2,21); (30,4,21); (49,4,22); (6,5,23); (41,4,23); (39,4,24); (43,5,24); (27,3,25); (48,4,25); (33,1,28); (14,6,29); (4,1,30); (2,5,32); (37,1,32); (3,2,33); (11,1,33); (10,5,34); (20,2,34); (50,6,34); (8,1,35); (26,1,35); (1,5,36); (5,5,38); (38,4,39); (17,4,40); (44,6,40);
Queue 1: closed
Queue 2: (24,4,16);
Queue 3: (34,1,10); (32,1,14);
Queue 4: (31,1,13);
Queue 5: (35,4,15);
Time 17
Waiting clients: (12,6,18); (7,5,19); (16,3,19); (47,3,19); (28,2,21); (30,4,21); (49,4,22); (6,5,23); (41,4,23); (39,4,24); (43,5,24); (27,3,25); (48,4,25); (33,1,28); (14,6,29); (4,1,30); (2,5,32); (37,1,32); (3,2,33); (11,1,33); (10,5,34); (20,2,34); (50,6,34); (8,1,35); (26,1,35); (1,5,36); (5,5,38); (38,4,39); (17,4,40); (44,6,40);
Queue 1: closed
Queue 2: (24,3,16);
Queue 3: (32,1,14); (25,1,17);
Queue 4: closed
Queue 5: (35,3,15);
Time 18
Waiting clients: (7,5,19); (16,3,19); (47,3,19); (28,2,21); (30,4,21); (49,4,22); (6,5,23); (41,4,23); (39,4,24); (43,5,24); (27,3,25); (48,4,25); (33,1,28); (14,6,29); (4,1,30); (2,5,32); (37,1,32); (3,2,33); (11,1,33); (10,5,34); (20,2,34); (50,6,34); (8,1,35); (26,1,35); (1,5,36); (5,5,38); (38,4,39); (17,4,40); (44,6,40);
Queue 1: closed
Queue 2: (24,2,16);
Queue 3: (25,1,17); (12,6,18);
Queue 4: closed
Queue 5: (35,2,15);
Time 19
Waiting clients: (28,2,21); (30,4,21); (49,4,22); (6,5,23); (41,4,23); (39,4,24); (43,5,24); (27,3,25); (48,4,25); (33,1,28); (14,6,29); (4,1,30); (2,5,32); (37,1,32); (3,2,33); (11,1,33); (10,5,34); (20,2,34); (50,6,34); (8,1,35); (26,1,35); (1,5,36); (5,5,38); (38,4,39); (17,4,40); (44,6,40);
Queue 1: (7,5,19);
Queue 2: (24,1,16); (47,3,19);
Queue 3: (12,6,18);
Queue 4: (16,3,19);
Queue 5: (35,1,15);
Time 20
Waiting clients: (28,2,21); (30,4,21); (49,4,22); (6,5,23); (41,4,23); (39,4,24); (43,5,24); (27,3,25); (48,4,25); (33,1,28); (14,6,29); (4,1,30); (2,5,32); (37,1,32); (3,2,33); (11,1,33); (10,5,34); (20,2,34); (50,6,34); (8,1,35); (26,1,35); (1,5,36); (5,5,38); (38,4,39); (17,4,40); (44,6,40);
Queue 1: (7,4,19);
Queue 2: (47,3,19);
Queue 3: (12,5,18);
Queue 4: (16,2,19);
Queue 5: closed
Time 21
Waiting clients: (49,4,22); (6,5,23); (41,4,23); (39,4,24); (43,5,24); (27,3,25); (48,4,25); (33,1,28); (14,6,29); (4,1,30); (2,5,32); (37,1,32); (3,2,33); (11,1,33); (10,5,34); (20,2,34); (50,6,34); (8,1,35); (26,1,35); (1,5,36); (5,5,38); (38,4,39); (17,4,40); (44,6,40);
Queue 1: (7,3,19);
Queue 2: (47,2,19);
Queue 3: (12,4,18);
Queue 4: (16,1,19); (30,4,21);
Queue 5: (28,2,21);
Time 22
Waiting clients: (6,5,23); (41,4,23); (39,4,24); (43,5,24); (27,3,25); (48,4,25); (33,1,28); (14,6,29); (4,1,30); (2,5,32); (37,1,32); (3,2,33); (11,1,33); (10,5,34); (20,2,34); (50,6,34); (8,1,35); (26,1,35); (1,5,36); (5,5,38); (38,4,39); (17,4,40); (44,6,40);
Queue 1: (7,2,19);
Queue 2: (47,1,19);
Queue 3: (12,3,18); (49,4,22);
Queue 4: (30,4,21);
Queue 5: (28,1,21);
Time 23
Waiting clients: (39,4,24); (43,5,24); (27,3,25); (48,4,25); (33,1,28); (14,6,29); (4,1,30); (2,5,32); (37,1,32); (3,2,33); (11,1,33); (10,5,34); (20,2,34); (50,6,34); (8,1,35); (26,1,35); (1,5,36); (5,5,38); (38,4,39); (17,4,40); (44,6,40);
Queue 1: (7,1,19); (41,4,23);
Queue 2: (6,5,23);
Queue 3: (12,2,18); (49,4,22);
Queue 4: (30,3,21);
Queue 5: closed
Time 24
Waiting clients: (27,3,25); (48,4,25); (33,1,28); (14,6,29); (4,1,30); (2,5,32); (37,1,32); (3,2,33); (11,1,33); (10,5,34); (20,2,34); (50,6,34); (8,1,35); (26,1,35); (1,5,36); (5,5,38); (38,4,39); (17,4,40); (44,6,40);
Queue 1: (41,4,23);
Queue 2: (6,4,23);
Queue 3: (12,1,18); (49,4,22);
Queue 4: (30,2,21); (43,5,24);
Queue 5: (39,4,24);
Time 25
Waiting clients: (33,1,28); (14,6,29); (4,1,30); (2,5,32); (37,1,32); (3,2,33); (11,1,33); (10,5,34); (20,2,34); (50,6,34); (8,1,35); (26,1,35); (1,5,36); (5,5,38); (38,4,39); (17,4,40); (44,6,40);
Queue 1: (41,3,23); (48,4,25);
Queue 2: (6,3,23);
Queue 3: (49,4,22); (27,3,25);
Queue 4: (30,1,21); (43,5,24);
Queue 5: (39,3,24);
Time 26
Waiting clients: (33,1,28); (14,6,29); (4,1,30); (2,5,32); (37,1,32); (3,2,33); (11,1,33); (10,5,34); (20,2,34); (50,6,34); (8,1,35); (26,1,35); (1,5,36); (5,5,38); (38,4,39); (17,4,40); (44,6,40);
Queue 1: (41,2,23); (48,4,25);
Queue 2: (6,2,23);
Queue 3: (49,3,22); (27,3,25);
Queue 4: (43,5,24);
Queue 5: (39,2,24);
Time 27
Waiting clients: (33,1,28); (14,6,29); (4,1,30); (2,5,32); (37,1,32); (3,2,33); (11,1,33); (10,5,34); (20,2,34); (50,6,34); (8,1,35); (26,1,35); (1,5,36); (5,5,38); (38,4,39); (17,4,40); (44,6,40);
Queue 1: (41,1,23); (48,4,25);
Queue 2: (6,1,23);
Queue 3: (49,2,22); (27,3,25);
Queue 4: (43,4,24);
Queue 5: (39,1,24);
Time 28
Waiting clients: (14,6,29); (4,1,30); (2,5,32); (37,1,32); (3,2,33); (11,1,33); (10,5,34); (20,2,34); (50,6,34); (8,1,35); (26,1,35); (1,5,36); (5,5,38); (38,4,39); (17,4,40); (44,6,40);
Queue 1: (48,4,25);
Queue 2: closed
Queue 3: (49,1,22); (27,3,25);
Queue 4: (43,3,24);
Queue 5: (33,1,28);
Time 29
Waiting clients: (4,1,30); (2,5,32); (37,1,32); (3,2,33); (11,1,33); (10,5,34); (20,2,34); (50,6,34); (8,1,35); (26,1,35); (1,5,36); (5,5,38); (38,4,39); (17,4,40); (44,6,40);
Queue 1: (48,3,25);
Queue 2: closed
Queue 3: (27,3,25);
Queue 4: (43,2,24);
Queue 5: (14,6,29);
Time 30
Waiting clients: (2,5,32); (37,1,32); (3,2,33); (11,1,33); (10,5,34); (20,2,34); (50,6,34); (8,1,35); (26,1,35); (1,5,36); (5,5,38); (38,4,39); (17,4,40); (44,6,40);
Queue 1: (48,2,25);
Queue 2: (4,1,30);
Queue 3: (27,2,25);
Queue 4: (43,1,24);
Queue 5: (14,5,29);
Time 31
Waiting clients: (2,5,32); (37,1,32); (3,2,33); (11,1,33); (10,5,34); (20,2,34); (50,6,34); (8,1,35); (26,1,35); (1,5,36); (5,5,38); (38,4,39); (17,4,40); (44,6,40);
Queue 1: (48,1,25);
Queue 2: closed
Queue 3: (27,1,25);
Queue 4: closed
Queue 5: (14,4,29);
Time 32
Waiting clients: (3,2,33); (11,1,33); (10,5,34); (20,2,34); (50,6,34); (8,1,35); (26,1,35); (1,5,36); (5,5,38); (38,4,39); (17,4,40); (44,6,40);
Queue 1: closed
Queue 2: (37,1,32);
Queue 3: (2,5,32);
Queue 4: closed
Queue 5: (14,3,29);
Time 33
Waiting clients: (10,5,34); (20,2,34); (50,6,34); (8,1,35); (26,1,35); (1,5,36); (5,5,38); (38,4,39); (17,4,40); (44,6,40);
Queue 1: (11,1,33);
Queue 2: (3,2,33);
Queue 3: (2,4,32);
Queue 4: closed
Queue 5: (14,2,29);
Time 34
Waiting clients: (8,1,35); (26,1,35); (1,5,36); (5,5,38); (38,4,39); (17,4,40); (44,6,40);
Queue 1: (10,5,34);
Queue 2: (3,1,33); (50,6,34);
Queue 3: (2,3,32);
Queue 4: (20,2,34);
Queue 5: (14,1,29);
Time 35
Waiting clients: (1,5,36); (5,5,38); (38,4,39); (17,4,40); (44,6,40);
Queue 1: (10,4,34);
Queue 2: (50,6,34);
Queue 3: (2,2,32);
Queue 4: (20,1,34); (8,1,35);
Queue 5: (26,1,35);
Time 36
Waiting clients: (5,5,38); (38,4,39); (17,4,40); (44,6,40);
Queue 1: (10,3,34);
Queue 2: (50,5,34);
Queue 3: (2,1,32);
Queue 4: (8,1,35); (1,5,36);
Queue 5: closed
Time 37
Waiting clients: (5,5,38); (38,4,39); (17,4,40); (44,6,40);
Queue 1: (10,2,34);
Queue 2: (50,4,34);
Queue 3: closed
Queue 4: (1,5,36);
Queue 5: closed
Time 38
Waiting clients: (38,4,39); (17,4,40); (44,6,40);
Queue 1: (10,1,34);
Queue 2: (50,3,34);
Queue 3: (5,5,38);
Queue 4: (1,4,36);
Queue 5: closed
Time 39
Waiting clients: (17,4,40); (44,6,40);
Queue 1: closed
Queue 2: (50,2,34);
Queue 3: (5,4,38);
Queue 4: (1,3,36);
Queue 5: (38,4,39);
Time 40
Waiting clients:
Queue 1: (17,4,40);
Queue 2: (50,1,34); (44,6,40);
Queue 3: (5,3,38);
Queue 4: (1,2,36);
Queue 5: (38,3,39);
Time 41
Waiting clients:
Queue 1: (17,3,40);
Queue 2: (44,6,40);
Queue 3: (5,2,38);
Queue 4: (1,1,36);
Queue 5: (38,2,39);
Time 42
Waiting clients:
Queue 1: (17,2,40);
Queue 2: (44,5,40);
Queue 3: (5,1,38);
Queue 4: closed
Queue 5: (38,1,39);
Time 43
Waiting clients:
Queue 1: (17,1,40);
Queue 2: (44,4,40);
Queue 3: closed
Queue 4: closed
Queue 5: closed
Time 44
Waiting clients:
Queue 1: closed
Queue 2: (44,3,40);
Queue 3: closed
Queue 4: closed
Queue 5: closed
Time 45
Waiting clients:
Queue 1: closed
Queue 2: (44,2,40);
Queue 3: closed
Queue 4: closed
Queue 5: closed
Time 46
Waiting clients:
Queue 1: closed
Queue 2: (44,1,40);
Queue 3: closed
Queue 4: closed
Queue 5: closed
Time 47
Waiting clients:
Queue 1: closed
Queue 2: closed
Queue 3: closed
Queue 4: closed
Queue 5: closed
Average waiting time: 2.34
Average serving time: 3.0
